OBJECTMAP
images/objetos_sprite_sheet.png 255 168
DOOR 16 32 5 18.5 150 0 501 0
DOOR 16 32 17 18.5 150 0 502 0
DOOR 16 32 27 18.5 150 0 503 0
DOOR 16 32 34 18.5 150 0 504 0
DOOR 16 32 1 12.5 150 0 505 0
DOOR 16 32 13 12.5 150 0 506 0
DOOR 16 32 23 12.5 150 0 507 0
DOOR 16 32 29 12.5 150 0 508 0
DOOR 16 32 32 6.5 150 0 509 0
DOOR 16 32 7 6.5 150 0 510 0
DOOR 16 32 3 6.5 150 0 511 0
DOOR_FINAL 16 32 21 4.5 166 0 6 9
ENEMY_PIOLIN 16 32 0 18 0 0 0 0
ENEMY_PIOLIN 16 32 35 18 0 0 0 0
ENEMY_PERRO 16 32 0 12 0 0 0 0
ENEMY_PERRO 16 32 35 12 0 0 0 0
WEIGHT 15 16 13 18 16 9 0 0
WEIGHT 15 16 17 12 16 9 0 0
CLOCK 15 16 30 18 120 9 0 0
BOMB 15 16 17 24 30 9 0 0
SPEED_BOOST 15 16 28 24 135 9 0 0
ENEMY_PATO 16 32 34 24 0 0 0 0